Theta [deg.]  Phi   [deg.]  Abs(Dir.)[dBi   ]   Abs(Theta)[dBi   ]  Phase(Theta)[deg.]  Abs(Phi  )[dBi   ]  Phase(Phi  )[deg.]  Ax.Ratio[dB    ]    
------------------------------------------------------------------------------------------------------------------------------------------------------
   0.000         270.000           -1.447e+02          -1.478e+02             188.412          -1.476e+02               1.610           2.452e+01     
   1.000         270.000           -2.725e+01          -2.725e+01             186.274          -1.476e+02               1.725           4.000e+01     
   2.000         270.000           -2.123e+01          -2.123e+01             186.270          -1.476e+02               1.832           4.000e+01     
   3.000         270.000           -1.771e+01          -1.771e+01             186.263          -1.476e+02               1.930           4.000e+01     
   4.000         270.000           -1.522e+01          -1.522e+01             186.253          -1.476e+02               2.020           4.000e+01     
   5.000         270.000           -1.328e+01          -1.328e+01             186.240          -1.475e+02               2.101           4.000e+01     
   6.000         270.000           -1.170e+01          -1.170e+01             186.224          -1.475e+02               2.171           4.000e+01     
   7.000         270.000           -1.037e+01          -1.037e+01             186.205          -1.475e+02               2.233           4.000e+01     
   8.000         270.000           -9.220e+00          -9.220e+00             186.184          -1.474e+02               2.285           4.000e+01     
   9.000         270.000           -8.206e+00          -8.206e+00             186.159          -1.473e+02               2.327           4.000e+01     
  10.000         270.000           -7.301e+00          -7.301e+00             186.132          -1.473e+02               2.361           4.000e+01     
  11.000         270.000           -6.485e+00          -6.485e+00             186.101          -1.472e+02               2.386           4.000e+01     
  12.000         270.000           -5.743e+00          -5.743e+00             186.068          -1.471e+02               2.404           4.000e+01     
  13.000         270.000           -5.064e+00          -5.064e+00             186.031          -1.471e+02               2.413           4.000e+01     
  14.000         270.000           -4.438e+00          -4.438e+00             185.991          -1.470e+02               2.417           4.000e+01     
  15.000         270.000           -3.860e+00          -3.860e+00             185.949          -1.469e+02               2.414           4.000e+01     
  16.000         270.000           -3.322e+00          -3.322e+00             185.902          -1.468e+02               2.406           4.000e+01     
  17.000         270.000           -2.822e+00          -2.822e+00             185.853          -1.467e+02               2.393           4.000e+01     
  18.000         270.000           -2.355e+00          -2.355e+00             185.800          -1.467e+02               2.377           4.000e+01     
  19.000         270.000           -1.918e+00          -1.918e+00             185.744          -1.466e+02               2.358           4.000e+01     
  20.000         270.000           -1.509e+00          -1.509e+00             185.684          -1.465e+02               2.338           4.000e+01     
  21.000         270.000           -1.126e+00          -1.126e+00             185.620          -1.464e+02               2.316           4.000e+01     
  22.000         270.000           -7.669e-01          -7.669e-01             185.553          -1.463e+02               2.294           4.000e+01     
  23.000         270.000           -4.306e-01          -4.306e-01             185.482          -1.462e+02               2.273           4.000e+01     
  24.000         270.000           -1.158e-01          -1.158e-01             185.406          -1.462e+02               2.253           4.000e+01     
  25.000         270.000            1.783e-01           1.783e-01             185.326          -1.461e+02               2.235           4.000e+01     
  26.000         270.000            4.527e-01           4.527e-01             185.241          -1.460e+02               2.220           4.000e+01     
  27.000         270.000            7.078e-01           7.078e-01             185.151          -1.460e+02               2.209           4.000e+01     
  28.000         270.000            9.442e-01           9.442e-01             185.057          -1.459e+02               2.203           4.000e+01     
  29.000         270.000            1.162e+00           1.162e+00             184.956          -1.459e+02               2.201           4.000e+01     
  30.000         270.000            1.362e+00           1.362e+00             184.850          -1.459e+02               2.206           4.000e+01     
  31.000         270.000            1.544e+00           1.544e+00             184.737          -1.459e+02               2.217           4.000e+01     
  32.000         270.000            1.708e+00           1.708e+00             184.618          -1.458e+02               2.236           4.000e+01     
  33.000         270.000            1.854e+00           1.854e+00             184.491          -1.458e+02               2.263           4.000e+01     
  34.000         270.000            1.982e+00           1.982e+00             184.356          -1.459e+02               2.298           4.000e+01     
  35.000         270.000            2.092e+00           2.092e+00             184.213          -1.459e+02               2.344           4.000e+01     
  36.000         270.000            2.183e+00           2.183e+00             184.060          -1.459e+02               2.400           4.000e+01     
  37.000         270.000            2.255e+00           2.255e+00             183.897          -1.460e+02               2.467           4.000e+01     
  38.000         270.000            2.308e+00           2.308e+00             183.722          -1.461e+02               2.547           4.000e+01     
  39.000         270.000            2.341e+00           2.341e+00             183.534          -1.462e+02               2.641           4.000e+01     
  40.000         270.000            2.353e+00           2.353e+00             183.333          -1.463e+02               2.750           4.000e+01     
  41.000         270.000            2.344e+00           2.344e+00             183.115          -1.464e+02               2.874           4.000e+01     
  42.000         270.000            2.313e+00           2.313e+00             182.880          -1.465e+02               3.017           4.000e+01     
  43.000         270.000            2.258e+00           2.258e+00             182.625          -1.467e+02               3.179           4.000e+01     
  44.000         270.000            2.180e+00           2.180e+00             182.348          -1.469e+02               3.363           4.000e+01     
  45.000         270.000            2.075e+00           2.075e+00             182.045          -1.471e+02               3.570           4.000e+01     
  46.000         270.000            1.944e+00           1.944e+00             181.713          -1.474e+02               3.804           4.000e+01     
  47.000         270.000            1.785e+00           1.785e+00             181.348          -1.476e+02               4.068           4.000e+01     
  48.000         270.000            1.594e+00           1.594e+00             180.944          -1.479e+02               4.366           4.000e+01     
  49.000         270.000            1.372e+00           1.372e+00             180.494          -1.483e+02               4.701           4.000e+01     
  50.000         270.000            1.114e+00           1.114e+00             179.992          -1.486e+02               5.080           4.000e+01     
  51.000         270.000            8.176e-01           8.176e-01             179.426          -1.490e+02               5.509           4.000e+01     
  52.000         270.000            4.802e-01           4.802e-01             178.785          -1.495e+02               5.995           4.000e+01     
  53.000         270.000            9.739e-02           9.739e-02             178.054          -1.499e+02               6.548           4.000e+01     
  54.000         270.000           -3.354e-01          -3.354e-01             177.211          -1.505e+02               7.180           4.000e+01     
  55.000         270.000           -8.238e-01          -8.238e-01             176.231          -1.510e+02               7.907           4.000e+01     
  56.000         270.000           -1.375e+00          -1.375e+00             175.078          -1.517e+02               8.746           4.000e+01     
  57.000         270.000           -1.996e+00          -1.996e+00             173.705          -1.523e+02               9.723           4.000e+01     
  58.000         270.000           -2.697e+00          -2.697e+00             172.044          -1.531e+02              10.870           4.000e+01     
  59.000         270.000           -3.489e+00          -3.489e+00             170.001          -1.539e+02              12.229           4.000e+01     
  60.000         270.000           -4.387e+00          -4.387e+00             167.438          -1.548e+02              13.859           4.000e+01     
  61.000         270.000           -5.406e+00          -5.406e+00             164.145          -1.558e+02              15.841           4.000e+01     
  62.000         270.000           -6.560e+00          -6.560e+00             159.801          -1.569e+02              18.291           4.000e+01     
  63.000         270.000           -7.855e+00          -7.855e+00             153.901          -1.581e+02              21.377           4.000e+01     
  64.000         270.000           -9.266e+00          -9.266e+00             145.665          -1.595e+02              25.351           4.000e+01     
  65.000         270.000           -1.068e+01          -1.068e+01             134.023          -1.609e+02              30.595           4.000e+01     
  66.000         270.000           -1.181e+01          -1.181e+01             118.102          -1.625e+02              37.685           4.000e+01     
  67.000         270.000           -1.220e+01          -1.220e+01              98.831          -1.642e+02              47.433           4.000e+01     
  68.000         270.000           -1.161e+01          -1.161e+01              79.902          -1.658e+02              60.713           4.000e+01     
  69.000         270.000           -1.035e+01          -1.035e+01              64.672          -1.669e+02              77.634           4.000e+01     
  70.000         270.000           -8.860e+00          -8.860e+00              53.656          -1.672e+02              96.226           4.000e+01     
  71.000         270.000           -7.406e+00          -7.406e+00              45.877          -1.668e+02             113.132           4.000e+01     
  72.000         270.000           -6.078e+00          -6.078e+00              40.298          -1.659e+02             126.456           4.000e+01     
  73.000         270.000           -4.894e+00          -4.894e+00              36.188          -1.650e+02             136.351           4.000e+01     
  74.000         270.000           -3.845e+00          -3.845e+00              33.078          -1.641e+02             143.708           4.000e+01     
  75.000         270.000           -2.919e+00          -2.919e+00              30.666          -1.634e+02             149.341           4.000e+01     
  76.000         270.000           -2.099e+00          -2.099e+00              28.758          -1.628e+02             153.835           4.000e+01     
  77.000         270.000           -1.373e+00          -1.373e+00              27.224          -1.624e+02             157.585           4.000e+01     
  78.000         270.000           -7.309e-01          -7.309e-01              25.975          -1.621e+02             160.865           4.000e+01     
  79.000         270.000           -1.630e-01          -1.630e-01              24.948          -1.619e+02             163.872           4.000e+01     
  80.000         270.000            3.377e-01           3.377e-01              24.098          -1.619e+02             166.761           4.000e+01     
  81.000         270.000            7.770e-01           7.770e-01              23.392          -1.619e+02             169.665           4.000e+01     
  82.000         270.000            1.160e+00           1.160e+00              22.805          -1.621e+02             172.709           4.000e+01     
  83.000         270.000            1.490e+00           1.490e+00              22.320          -1.624e+02             176.021           4.000e+01     
  84.000         270.000            1.770e+00           1.770e+00              21.922          -1.627e+02             179.741           4.000e+01     
  85.000         270.000            2.004e+00           2.004e+00              21.599          -1.632e+02             184.026           4.000e+01     
  86.000         270.000            2.193e+00           2.193e+00              21.346          -1.637e+02             189.047           4.000e+01     
  87.000         270.000            2.338e+00           2.338e+00              21.154          -1.642e+02             194.973           4.000e+01     
  88.000         270.000            2.440e+00           2.440e+00              21.020          -1.647e+02             201.930           4.000e+01     
  89.000         270.000            2.502e+00           2.502e+00              20.940          -1.651e+02             209.924           4.000e+01     
  90.000         270.000            2.522e+00           2.522e+00              20.914          -1.653e+02             218.669           4.000e+01     
  91.000         270.000            2.502e+00           2.502e+00              20.940          -1.653e+02             227.830           4.000e+01     
  92.000         270.000            2.440e+00           2.440e+00              21.020          -1.650e+02             236.718           4.000e+01     
  93.000         270.000            2.338e+00           2.338e+00              21.154          -1.646e+02             244.744           4.000e+01     
  94.000         270.000            2.193e+00           2.193e+00              21.346          -1.640e+02             251.536           4.000e+01     
  95.000         270.000            2.004e+00           2.004e+00              21.599          -1.633e+02             256.969           4.000e+01     
  96.000         270.000            1.770e+00           1.770e+00              21.922          -1.626e+02             261.095           4.000e+01     
  97.000         270.000            1.490e+00           1.490e+00              22.320          -1.619e+02             264.045           4.000e+01     
  98.000         270.000            1.160e+00           1.160e+00              22.805          -1.612e+02             265.974           4.000e+01     
  99.000         270.000            7.770e-01           7.770e-01              23.392          -1.606e+02             267.019           4.000e+01     
 100.000         270.000            3.377e-01           3.377e-01              24.098          -1.600e+02             267.301           4.000e+01     
 101.000         270.000           -1.630e-01          -1.630e-01              24.948          -1.595e+02             266.916           4.000e+01     
 102.000         270.000           -7.309e-01          -7.309e-01              25.975          -1.590e+02             265.943           4.000e+01     
 103.000         270.000           -1.373e+00          -1.373e+00              27.224          -1.586e+02             264.448           4.000e+01     
 104.000         270.000           -2.099e+00          -2.099e+00              28.758          -1.581e+02             262.492           4.000e+01     
 105.000         270.000           -2.919e+00          -2.919e+00              30.666          -1.577e+02             260.131           4.000e+01     
 106.000         270.000           -3.845e+00          -3.845e+00              33.078          -1.573e+02             257.424           4.000e+01     
 107.000         270.000           -4.894e+00          -4.894e+00              36.188          -1.569e+02             254.430           4.000e+01     
 108.000         270.000           -6.078e+00          -6.078e+00              40.298          -1.564e+02             251.213           4.000e+01     
 109.000         270.000           -7.406e+00          -7.406e+00              45.877          -1.560e+02             247.838           4.000e+01     
 110.000         270.000           -8.860e+00          -8.860e+00              53.656          -1.555e+02             244.371           4.000e+01     
 111.000         270.000           -1.035e+01          -1.035e+01              64.672          -1.551e+02             240.876           4.000e+01     
 112.000         270.000           -1.161e+01          -1.161e+01              79.902          -1.546e+02             237.410           4.000e+01     
 113.000         270.000           -1.220e+01          -1.220e+01              98.831          -1.541e+02             234.021           4.000e+01     
 114.000         270.000           -1.181e+01          -1.181e+01             118.102          -1.536e+02             230.753           4.000e+01     
 115.000         270.000           -1.068e+01          -1.068e+01             134.023          -1.531e+02             227.629           4.000e+01     
 116.000         270.000           -9.266e+00          -9.266e+00             145.665          -1.525e+02             224.673           4.000e+01     
 117.000         270.000           -7.855e+00          -7.855e+00             153.901          -1.520e+02             221.895           4.000e+01     
 118.000         270.000           -6.560e+00          -6.560e+00             159.801          -1.515e+02             219.300           4.000e+01     
 119.000         270.000           -5.406e+00          -5.406e+00             164.145          -1.510e+02             216.887           4.000e+01     
 120.000         270.000           -4.387e+00          -4.387e+00             167.438          -1.506e+02             214.648           4.000e+01     
 121.000         270.000           -3.489e+00          -3.489e+00             170.001          -1.501e+02             212.577           4.000e+01     
 122.000         270.000           -2.697e+00          -2.697e+00             172.044          -1.497e+02             210.664           4.000e+01     
 123.000         270.000           -1.996e+00          -1.996e+00             173.705          -1.492e+02             208.897           4.000e+01     
 124.000         270.000           -1.375e+00          -1.375e+00             175.078          -1.488e+02             207.266           4.000e+01     
 125.000         270.000           -8.238e-01          -8.238e-01             176.231          -1.485e+02             205.760           4.000e+01     
 126.000         270.000           -3.354e-01          -3.354e-01             177.211          -1.481e+02             204.369           4.000e+01     
 127.000         270.000            9.739e-02           9.739e-02             178.054          -1.478e+02             203.083           4.000e+01     
 128.000         270.000            4.802e-01           4.802e-01             178.785          -1.475e+02             201.892           4.000e+01     
 129.000         270.000            8.176e-01           8.176e-01             179.426          -1.472e+02             200.790           4.000e+01     
 130.000         270.000            1.114e+00           1.114e+00             179.992          -1.469e+02             199.767           4.000e+01     
 131.000         270.000            1.372e+00           1.372e+00             180.494          -1.467e+02             198.817           4.000e+01     
 132.000         270.000            1.594e+00           1.594e+00             180.944          -1.464e+02             197.934           4.000e+01     
 133.000         270.000            1.785e+00           1.785e+00             181.348          -1.462e+02             197.112           4.000e+01     
 134.000         270.000            1.944e+00           1.944e+00             181.713          -1.460e+02             196.346           4.000e+01     
 135.000         270.000            2.075e+00           2.075e+00             182.045          -1.459e+02             195.631           4.000e+01     
 136.000         270.000            2.180e+00           2.180e+00             182.348          -1.457e+02             194.963           4.000e+01     
 137.000         270.000            2.258e+00           2.258e+00             182.625          -1.456e+02             194.338           4.000e+01     
 138.000         270.000            2.313e+00           2.313e+00             182.880          -1.455e+02             193.754           4.000e+01     
 139.000         270.000            2.344e+00           2.344e+00             183.115          -1.454e+02             193.206           4.000e+01     
 140.000         270.000            2.353e+00           2.353e+00             183.333          -1.453e+02             192.693           4.000e+01     
 141.000         270.000            2.341e+00           2.341e+00             183.534          -1.453e+02             192.211           4.000e+01     
 142.000         270.000            2.308e+00           2.308e+00             183.722          -1.452e+02             191.759           4.000e+01     
 143.000         270.000            2.255e+00           2.255e+00             183.897          -1.452e+02             191.334           4.000e+01     
 144.000         270.000            2.183e+00           2.183e+00             184.060          -1.452e+02             190.934           4.000e+01     
 145.000         270.000            2.092e+00           2.092e+00             184.213          -1.451e+02             190.558           4.000e+01     
 146.000         270.000            1.982e+00           1.982e+00             184.356          -1.452e+02             190.204           4.000e+01     
 147.000         270.000            1.854e+00           1.854e+00             184.491          -1.452e+02             189.871           4.000e+01     
 148.000         270.000            1.708e+00           1.708e+00             184.618          -1.452e+02             189.558           4.000e+01     
 149.000         270.000            1.544e+00           1.544e+00             184.737          -1.452e+02             189.262           4.000e+01     
 150.000         270.000            1.362e+00           1.362e+00             184.850          -1.453e+02             188.983           4.000e+01     
 151.000         270.000            1.162e+00           1.162e+00             184.956          -1.453e+02             188.720           4.000e+01     
 152.000         270.000            9.442e-01           9.442e-01             185.057          -1.454e+02             188.472           4.000e+01     
 153.000         270.000            7.078e-01           7.078e-01             185.151          -1.455e+02             188.237           4.000e+01     
 154.000         270.000            4.527e-01           4.527e-01             185.241          -1.455e+02             188.015           4.000e+01     
 155.000         270.000            1.783e-01           1.783e-01             185.326          -1.456e+02             187.804           4.000e+01     
 156.000         270.000           -1.158e-01          -1.158e-01             185.406          -1.457e+02             187.604           4.000e+01     
 157.000         270.000           -4.306e-01          -4.306e-01             185.482          -1.458e+02             187.414           4.000e+01     
 158.000         270.000           -7.669e-01          -7.669e-01             185.553          -1.459e+02             187.232           4.000e+01     
 159.000         270.000           -1.126e+00          -1.126e+00             185.620          -1.460e+02             187.058           4.000e+01     
 160.000         270.000           -1.509e+00          -1.509e+00             185.684          -1.461e+02             186.891           4.000e+01     
 161.000         270.000           -1.918e+00          -1.918e+00             185.744          -1.462e+02             186.730           4.000e+01     
 162.000         270.000           -2.355e+00          -2.355e+00             185.800          -1.463e+02             186.574           4.000e+01     
 163.000         270.000           -2.822e+00          -2.822e+00             185.853          -1.464e+02             186.422           4.000e+01     
 164.000         270.000           -3.322e+00          -3.322e+00             185.902          -1.465e+02             186.272           4.000e+01     
 165.000         270.000           -3.860e+00          -3.860e+00             185.949          -1.466e+02             186.124           4.000e+01     
 166.000         270.000           -4.438e+00          -4.438e+00             185.991          -1.467e+02             185.978           4.000e+01     
 167.000         270.000           -5.064e+00          -5.064e+00             186.031          -1.468e+02             185.831           4.000e+01     
 168.000         270.000           -5.743e+00          -5.743e+00             186.068          -1.468e+02             185.684           4.000e+01     
 169.000         270.000           -6.485e+00          -6.485e+00             186.101          -1.469e+02             185.534           4.000e+01     
 170.000         270.000           -7.301e+00          -7.301e+00             186.132          -1.470e+02             185.382           4.000e+01     
 171.000         270.000           -8.206e+00          -8.206e+00             186.159          -1.471e+02             185.227           4.000e+01     
 172.000         270.000           -9.220e+00          -9.220e+00             186.184          -1.472e+02             185.067           4.000e+01     
 173.000         270.000           -1.037e+01          -1.037e+01             186.205          -1.472e+02             184.903           4.000e+01     
 174.000         270.000           -1.170e+01          -1.170e+01             186.224          -1.473e+02             184.733           4.000e+01     
 175.000         270.000           -1.328e+01          -1.328e+01             186.240          -1.473e+02             184.558           4.000e+01     
 176.000         270.000           -1.522e+01          -1.522e+01             186.253          -1.474e+02             184.376           4.000e+01     
 177.000         270.000           -1.771e+01          -1.771e+01             186.263          -1.474e+02             184.188           4.000e+01     
 178.000         270.000           -2.123e+01          -2.123e+01             186.270          -1.474e+02             183.994           4.000e+01     
 179.000         270.000           -2.725e+01          -2.725e+01             186.274          -1.474e+02             183.793           4.000e+01     
 180.000         270.000           -1.445e+02          -1.475e+02             186.461          -1.474e+02             183.586           3.201e+01     
