Theta [deg.]  Phi   [deg.]  Abs(Dir.)[      ]   Abs(Theta)[      ]  Phase(Theta)[deg.]  Abs(Phi  )[      ]  Phase(Phi  )[deg.]  Ax.Ratio[      ]    
------------------------------------------------------------------------------------------------------------------------------------------------------
   0.000         270.000            3.393e-15           1.669e-15             188.412           1.723e-15               1.610           1.683e+01     
   1.000         270.000            1.883e-03           1.883e-03             186.274           1.724e-15               1.725           1.000e+02     
   2.000         270.000            7.529e-03           7.529e-03             186.270           1.728e-15               1.832           1.000e+02     
   3.000         270.000            1.693e-02           1.693e-02             186.263           1.735e-15               1.930           1.000e+02     
   4.000         270.000            3.008e-02           3.008e-02             186.253           1.746e-15               2.020           1.000e+02     
   5.000         270.000            4.696e-02           4.696e-02             186.240           1.759e-15               2.101           1.000e+02     
   6.000         270.000            6.754e-02           6.754e-02             186.224           1.775e-15               2.171           1.000e+02     
   7.000         270.000            9.179e-02           9.179e-02             186.205           1.794e-15               2.233           1.000e+02     
   8.000         270.000            1.197e-01           1.197e-01             186.184           1.816e-15               2.285           1.000e+02     
   9.000         270.000            1.512e-01           1.512e-01             186.159           1.841e-15               2.327           1.000e+02     
  10.000         270.000            1.862e-01           1.862e-01             186.132           1.868e-15               2.361           1.000e+02     
  11.000         270.000            2.246e-01           2.246e-01             186.101           1.898e-15               2.386           1.000e+02     
  12.000         270.000            2.665e-01           2.665e-01             186.068           1.930e-15               2.404           1.000e+02     
  13.000         270.000            3.116e-01           3.116e-01             186.031           1.965e-15               2.413           1.000e+02     
  14.000         270.000            3.599e-01           3.599e-01             185.991           2.001e-15               2.417           1.000e+02     
  15.000         270.000            4.112e-01           4.112e-01             185.949           2.039e-15               2.414           1.000e+02     
  16.000         270.000            4.653e-01           4.653e-01             185.902           2.079e-15               2.406           1.000e+02     
  17.000         270.000            5.221e-01           5.221e-01             185.853           2.120e-15               2.393           1.000e+02     
  18.000         270.000            5.814e-01           5.814e-01             185.800           2.163e-15               2.377           1.000e+02     
  19.000         270.000            6.430e-01           6.430e-01             185.744           2.205e-15               2.358           1.000e+02     
  20.000         270.000            7.065e-01           7.065e-01             185.684           2.248e-15               2.338           1.000e+02     
  21.000         270.000            7.716e-01           7.716e-01             185.620           2.291e-15               2.316           1.000e+02     
  22.000         270.000            8.381e-01           8.381e-01             185.553           2.333e-15               2.294           1.000e+02     
  23.000         270.000            9.056e-01           9.056e-01             185.482           2.374e-15               2.273           1.000e+02     
  24.000         270.000            9.737e-01           9.737e-01             185.406           2.414e-15               2.253           1.000e+02     
  25.000         270.000            1.042e+00           1.042e+00             185.326           2.451e-15               2.235           1.000e+02     
  26.000         270.000            1.110e+00           1.110e+00             185.241           2.486e-15               2.220           1.000e+02     
  27.000         270.000            1.177e+00           1.177e+00             185.151           2.517e-15               2.209           1.000e+02     
  28.000         270.000            1.243e+00           1.243e+00             185.057           2.545e-15               2.203           1.000e+02     
  29.000         270.000            1.307e+00           1.307e+00             184.956           2.568e-15               2.201           1.000e+02     
  30.000         270.000            1.368e+00           1.368e+00             184.850           2.585e-15               2.206           1.000e+02     
  31.000         270.000            1.427e+00           1.427e+00             184.737           2.597e-15               2.217           1.000e+02     
  32.000         270.000            1.482e+00           1.482e+00             184.618           2.603e-15               2.236           1.000e+02     
  33.000         270.000            1.533e+00           1.533e+00             184.491           2.602e-15               2.263           1.000e+02     
  34.000         270.000            1.578e+00           1.578e+00             184.356           2.593e-15               2.298           1.000e+02     
  35.000         270.000            1.619e+00           1.619e+00             184.213           2.576e-15               2.344           1.000e+02     
  36.000         270.000            1.653e+00           1.653e+00             184.060           2.552e-15               2.400           1.000e+02     
  37.000         270.000            1.681e+00           1.681e+00             183.897           2.518e-15               2.467           1.000e+02     
  38.000         270.000            1.701e+00           1.701e+00             183.722           2.476e-15               2.547           1.000e+02     
  39.000         270.000            1.714e+00           1.714e+00             183.534           2.426e-15               2.641           1.000e+02     
  40.000         270.000            1.719e+00           1.719e+00             183.333           2.366e-15               2.750           1.000e+02     
  41.000         270.000            1.716e+00           1.716e+00             183.115           2.298e-15               2.874           1.000e+02     
  42.000         270.000            1.703e+00           1.703e+00             182.880           2.221e-15               3.017           1.000e+02     
  43.000         270.000            1.682e+00           1.682e+00             182.625           2.136e-15               3.179           1.000e+02     
  44.000         270.000            1.652e+00           1.652e+00             182.348           2.044e-15               3.363           1.000e+02     
  45.000         270.000            1.613e+00           1.613e+00             182.045           1.944e-15               3.570           1.000e+02     
  46.000         270.000            1.565e+00           1.565e+00             181.713           1.839e-15               3.804           1.000e+02     
  47.000         270.000            1.508e+00           1.508e+00             181.348           1.728e-15               4.068           1.000e+02     
  48.000         270.000            1.444e+00           1.444e+00             180.944           1.613e-15               4.366           1.000e+02     
  49.000         270.000            1.371e+00           1.371e+00             180.494           1.495e-15               4.701           1.000e+02     
  50.000         270.000            1.292e+00           1.292e+00             179.992           1.375e-15               5.080           1.000e+02     
  51.000         270.000            1.207e+00           1.207e+00             179.426           1.254e-15               5.509           1.000e+02     
  52.000         270.000            1.117e+00           1.117e+00             178.785           1.134e-15               5.995           1.000e+02     
  53.000         270.000            1.023e+00           1.023e+00             178.054           1.016e-15               6.548           1.000e+02     
  54.000         270.000            9.257e-01           9.257e-01             177.211           9.001e-16               7.180           1.000e+02     
  55.000         270.000            8.272e-01           8.272e-01             176.231           7.889e-16               7.907           1.000e+02     
  56.000         270.000            7.287e-01           7.287e-01             175.078           6.830e-16               8.746           1.000e+02     
  57.000         270.000            6.316e-01           6.316e-01             173.705           5.834e-16               9.723           1.000e+02     
  58.000         270.000            5.374e-01           5.374e-01             172.044           4.909e-16              10.870           1.000e+02     
  59.000         270.000            4.478e-01           4.478e-01             170.001           4.062e-16              12.229           1.000e+02     
  60.000         270.000            3.641e-01           3.641e-01             167.438           3.300e-16              13.859           1.000e+02     
  61.000         270.000            2.880e-01           2.880e-01             164.145           2.624e-16              15.841           1.000e+02     
  62.000         270.000            2.208e-01           2.208e-01             159.801           2.039e-16              18.291           1.000e+02     
  63.000         270.000            1.639e-01           1.639e-01             153.901           1.542e-16              21.377           1.000e+02     
  64.000         270.000            1.184e-01           1.184e-01             145.665           1.132e-16              25.351           1.000e+02     
  65.000         270.000            8.546e-02           8.546e-02             134.023           8.055e-17              30.595           1.000e+02     
  66.000         270.000            6.586e-02           6.586e-02             118.102           5.568e-17              37.685           1.000e+02     
  67.000         270.000            6.025e-02           6.025e-02              98.831           3.794e-17              47.433           1.000e+02     
  68.000         270.000            6.903e-02           6.903e-02              79.902           2.649e-17              60.713           1.000e+02     
  69.000         270.000            9.233e-02           9.233e-02              64.672           2.046e-17              77.634           1.000e+02     
  70.000         270.000            1.300e-01           1.300e-01              53.656           1.892e-17              96.226           1.000e+02     
  71.000         270.000            1.817e-01           1.817e-01              45.877           2.090e-17             113.132           1.000e+02     
  72.000         270.000            2.467e-01           2.467e-01              40.298           2.544e-17             126.456           1.000e+02     
  73.000         270.000            3.241e-01           3.241e-01              36.188           3.165e-17             136.351           1.000e+02     
  74.000         270.000            4.125e-01           4.125e-01              33.078           3.867e-17             143.708           1.000e+02     
  75.000         270.000            5.107e-01           5.107e-01              30.666           4.575e-17             149.341           1.000e+02     
  76.000         270.000            6.167e-01           6.167e-01              28.758           5.227e-17             153.835           1.000e+02     
  77.000         270.000            7.289e-01           7.289e-01              27.224           5.773e-17             157.585           1.000e+02     
  78.000         270.000            8.451e-01           8.451e-01              25.975           6.175e-17             160.865           1.000e+02     
  79.000         270.000            9.632e-01           9.632e-01              24.948           6.414e-17             163.872           1.000e+02     
  80.000         270.000            1.081e+00           1.081e+00              24.098           6.482e-17             166.761           1.000e+02     
  81.000         270.000            1.196e+00           1.196e+00              23.392           6.383e-17             169.665           1.000e+02     
  82.000         270.000            1.306e+00           1.306e+00              22.805           6.135e-17             172.709           1.000e+02     
  83.000         270.000            1.409e+00           1.409e+00              22.320           5.766e-17             176.021           1.000e+02     
  84.000         270.000            1.503e+00           1.503e+00              21.922           5.309e-17             179.741           1.000e+02     
  85.000         270.000            1.586e+00           1.586e+00              21.599           4.805e-17             184.026           1.000e+02     
  86.000         270.000            1.657e+00           1.657e+00              21.346           4.294e-17             189.047           1.000e+02     
  87.000         270.000            1.713e+00           1.713e+00              21.154           3.818e-17             194.973           1.000e+02     
  88.000         270.000            1.754e+00           1.754e+00              21.020           3.417e-17             201.930           1.000e+02     
  89.000         270.000            1.779e+00           1.779e+00              20.940           3.124e-17             209.924           1.000e+02     
  90.000         270.000            1.787e+00           1.787e+00              20.914           2.978e-17             218.669           1.000e+02     
  91.000         270.000            1.779e+00           1.779e+00              20.940           2.978e-17             227.830           1.000e+02     
  92.000         270.000            1.754e+00           1.754e+00              21.020           3.149e-17             236.718           1.000e+02     
  93.000         270.000            1.713e+00           1.713e+00              21.154           3.495e-17             244.744           1.000e+02     
  94.000         270.000            1.657e+00           1.657e+00              21.346           4.011e-17             251.536           1.000e+02     
  95.000         270.000            1.586e+00           1.586e+00              21.599           4.689e-17             256.969           1.000e+02     
  96.000         270.000            1.503e+00           1.503e+00              21.922           5.514e-17             261.095           1.000e+02     
  97.000         270.000            1.409e+00           1.409e+00              22.320           6.465e-17             264.045           1.000e+02     
  98.000         270.000            1.306e+00           1.306e+00              22.805           7.525e-17             265.974           1.000e+02     
  99.000         270.000            1.196e+00           1.196e+00              23.392           8.673e-17             267.019           1.000e+02     
 100.000         270.000            1.081e+00           1.081e+00              24.098           9.894e-17             267.301           1.000e+02     
 101.000         270.000            9.632e-01           9.632e-01              24.948           1.118e-16             266.916           1.000e+02     
 102.000         270.000            8.451e-01           8.451e-01              25.975           1.252e-16             265.943           1.000e+02     
 103.000         270.000            7.289e-01           7.289e-01              27.224           1.392e-16             264.448           1.000e+02     
 104.000         270.000            6.167e-01           6.167e-01              28.758           1.541e-16             262.492           1.000e+02     
 105.000         270.000            5.107e-01           5.107e-01              30.666           1.699e-16             260.131           1.000e+02     
 106.000         270.000            4.125e-01           4.125e-01              33.078           1.872e-16             257.424           1.000e+02     
 107.000         270.000            3.241e-01           3.241e-01              36.188           2.062e-16             254.430           1.000e+02     
 108.000         270.000            2.467e-01           2.467e-01              40.298           2.276e-16             251.213           1.000e+02     
 109.000         270.000            1.817e-01           1.817e-01              45.877           2.519e-16             247.838           1.000e+02     
 110.000         270.000            1.300e-01           1.300e-01              53.656           2.798e-16             244.371           1.000e+02     
 111.000         270.000            9.233e-02           9.233e-02              64.672           3.119e-16             240.876           1.000e+02     
 112.000         270.000            6.903e-02           6.903e-02              79.902           3.489e-16             237.410           1.000e+02     
 113.000         270.000            6.025e-02           6.025e-02              98.831           3.914e-16             234.021           1.000e+02     
 114.000         270.000            6.586e-02           6.586e-02             118.102           4.401e-16             230.753           1.000e+02     
 115.000         270.000            8.546e-02           8.546e-02             134.023           4.954e-16             227.629           1.000e+02     
 116.000         270.000            1.184e-01           1.184e-01             145.665           5.576e-16             224.673           1.000e+02     
 117.000         270.000            1.639e-01           1.639e-01             153.901           6.272e-16             221.895           1.000e+02     
 118.000         270.000            2.208e-01           2.208e-01             159.801           7.041e-16             219.300           1.000e+02     
 119.000         270.000            2.880e-01           2.880e-01             164.145           7.884e-16             216.887           1.000e+02     
 120.000         270.000            3.641e-01           3.641e-01             167.438           8.798e-16             214.648           1.000e+02     
 121.000         270.000            4.478e-01           4.478e-01             170.001           9.780e-16             212.577           1.000e+02     
 122.000         270.000            5.374e-01           5.374e-01             172.044           1.083e-15             210.664           1.000e+02     
 123.000         270.000            6.316e-01           6.316e-01             173.705           1.193e-15             208.897           1.000e+02     
 124.000         270.000            7.287e-01           7.287e-01             175.078           1.308e-15             207.266           1.000e+02     
 125.000         270.000            8.272e-01           8.272e-01             176.231           1.426e-15             205.760           1.000e+02     
 126.000         270.000            9.257e-01           9.257e-01             177.211           1.548e-15             204.369           1.000e+02     
 127.000         270.000            1.023e+00           1.023e+00             178.054           1.672e-15             203.083           1.000e+02     
 128.000         270.000            1.117e+00           1.117e+00             178.785           1.796e-15             201.892           1.000e+02     
 129.000         270.000            1.207e+00           1.207e+00             179.426           1.919e-15             200.790           1.000e+02     
 130.000         270.000            1.292e+00           1.292e+00             179.992           2.040e-15             199.767           1.000e+02     
 131.000         270.000            1.371e+00           1.371e+00             180.494           2.159e-15             198.817           1.000e+02     
 132.000         270.000            1.444e+00           1.444e+00             180.944           2.273e-15             197.934           1.000e+02     
 133.000         270.000            1.508e+00           1.508e+00             181.348           2.383e-15             197.112           1.000e+02     
 134.000         270.000            1.565e+00           1.565e+00             181.713           2.486e-15             196.346           1.000e+02     
 135.000         270.000            1.613e+00           1.613e+00             182.045           2.582e-15             195.631           1.000e+02     
 136.000         270.000            1.652e+00           1.652e+00             182.348           2.670e-15             194.963           1.000e+02     
 137.000         270.000            1.682e+00           1.682e+00             182.625           2.750e-15             194.338           1.000e+02     
 138.000         270.000            1.703e+00           1.703e+00             182.880           2.822e-15             193.754           1.000e+02     
 139.000         270.000            1.716e+00           1.716e+00             183.115           2.883e-15             193.206           1.000e+02     
 140.000         270.000            1.719e+00           1.719e+00             183.333           2.936e-15             192.693           1.000e+02     
 141.000         270.000            1.714e+00           1.714e+00             183.534           2.978e-15             192.211           1.000e+02     
 142.000         270.000            1.701e+00           1.701e+00             183.722           3.011e-15             191.759           1.000e+02     
 143.000         270.000            1.681e+00           1.681e+00             183.897           3.035e-15             191.334           1.000e+02     
 144.000         270.000            1.653e+00           1.653e+00             184.060           3.049e-15             190.934           1.000e+02     
 145.000         270.000            1.619e+00           1.619e+00             184.213           3.055e-15             190.558           1.000e+02     
 146.000         270.000            1.578e+00           1.578e+00             184.356           3.052e-15             190.204           1.000e+02     
 147.000         270.000            1.533e+00           1.533e+00             184.491           3.042e-15             189.871           1.000e+02     
 148.000         270.000            1.482e+00           1.482e+00             184.618           3.024e-15             189.558           1.000e+02     
 149.000         270.000            1.427e+00           1.427e+00             184.737           2.999e-15             189.262           1.000e+02     
 150.000         270.000            1.368e+00           1.368e+00             184.850           2.968e-15             188.983           1.000e+02     
 151.000         270.000            1.307e+00           1.307e+00             184.956           2.932e-15             188.720           1.000e+02     
 152.000         270.000            1.243e+00           1.243e+00             185.057           2.891e-15             188.472           1.000e+02     
 153.000         270.000            1.177e+00           1.177e+00             185.151           2.846e-15             188.237           1.000e+02     
 154.000         270.000            1.110e+00           1.110e+00             185.241           2.797e-15             188.015           1.000e+02     
 155.000         270.000            1.042e+00           1.042e+00             185.326           2.746e-15             187.804           1.000e+02     
 156.000         270.000            9.737e-01           9.737e-01             185.406           2.692e-15             187.604           1.000e+02     
 157.000         270.000            9.056e-01           9.056e-01             185.482           2.637e-15             187.414           1.000e+02     
 158.000         270.000            8.381e-01           8.381e-01             185.553           2.581e-15             187.232           1.000e+02     
 159.000         270.000            7.716e-01           7.716e-01             185.620           2.525e-15             187.058           1.000e+02     
 160.000         270.000            7.065e-01           7.065e-01             185.684           2.468e-15             186.891           1.000e+02     
 161.000         270.000            6.430e-01           6.430e-01             185.744           2.413e-15             186.730           1.000e+02     
 162.000         270.000            5.814e-01           5.814e-01             185.800           2.358e-15             186.574           1.000e+02     
 163.000         270.000            5.221e-01           5.221e-01             185.853           2.304e-15             186.422           1.000e+02     
 164.000         270.000            4.653e-01           4.653e-01             185.902           2.252e-15             186.272           1.000e+02     
 165.000         270.000            4.112e-01           4.112e-01             185.949           2.202e-15             186.124           1.000e+02     
 166.000         270.000            3.599e-01           3.599e-01             185.991           2.154e-15             185.978           1.000e+02     
 167.000         270.000            3.116e-01           3.116e-01             186.031           2.109e-15             185.831           1.000e+02     
 168.000         270.000            2.665e-01           2.665e-01             186.068           2.066e-15             185.684           1.000e+02     
 169.000         270.000            2.246e-01           2.246e-01             186.101           2.026e-15             185.534           1.000e+02     
 170.000         270.000            1.862e-01           1.862e-01             186.132           1.989e-15             185.382           1.000e+02     
 171.000         270.000            1.512e-01           1.512e-01             186.159           1.955e-15             185.227           1.000e+02     
 172.000         270.000            1.197e-01           1.197e-01             186.184           1.924e-15             185.067           1.000e+02     
 173.000         270.000            9.179e-02           9.179e-02             186.205           1.897e-15             184.903           1.000e+02     
 174.000         270.000            6.754e-02           6.754e-02             186.224           1.872e-15             184.733           1.000e+02     
 175.000         270.000            4.696e-02           4.696e-02             186.240           1.852e-15             184.558           1.000e+02     
 176.000         270.000            3.008e-02           3.008e-02             186.253           1.834e-15             184.376           1.000e+02     
 177.000         270.000            1.693e-02           1.693e-02             186.263           1.820e-15             184.188           1.000e+02     
 178.000         270.000            7.529e-03           7.529e-03             186.270           1.810e-15             183.994           1.000e+02     
 179.000         270.000            1.883e-03           1.883e-03             186.274           1.803e-15             183.793           1.000e+02     
 180.000         270.000            3.561e-15           1.761e-15             186.461           1.800e-15             183.586           3.986e+01     
 179.000          90.000            1.883e-03           1.883e-03             186.274           1.800e-15               3.374           1.000e+02     
 178.000          90.000            7.529e-03           7.529e-03             186.270           1.803e-15               3.156           1.000e+02     
 177.000          90.000            1.693e-02           1.693e-02             186.263           1.810e-15               2.933           1.000e+02     
 176.000          90.000            3.008e-02           3.008e-02             186.253           1.821e-15               2.705           1.000e+02     
 175.000          90.000            4.696e-02           4.696e-02             186.240           1.835e-15               2.475           1.000e+02     
 174.000          90.000            6.754e-02           6.754e-02             186.224           1.852e-15               2.242           1.000e+02     
 173.000          90.000            9.179e-02           9.179e-02             186.205           1.873e-15               2.007           1.000e+02     
 172.000          90.000            1.197e-01           1.197e-01             186.184           1.897e-15               1.771           1.000e+02     
 171.000          90.000            1.512e-01           1.512e-01             186.159           1.924e-15               1.536           1.000e+02     
 170.000          90.000            1.862e-01           1.862e-01             186.132           1.954e-15               1.302           1.000e+02     
 169.000          90.000            2.246e-01           2.246e-01             186.101           1.988e-15               1.071           1.000e+02     
 168.000          90.000            2.665e-01           2.665e-01             186.068           2.024e-15               0.844           1.000e+02     
 167.000          90.000            3.116e-01           3.116e-01             186.031           2.063e-15               0.621           1.000e+02     
 166.000          90.000            3.599e-01           3.599e-01             185.991           2.105e-15               0.404           1.000e+02     
 165.000          90.000            4.112e-01           4.112e-01             185.949           2.149e-15               0.193           1.000e+02     
 164.000          90.000            4.653e-01           4.653e-01             185.902           2.195e-15             359.990           1.000e+02     
 163.000          90.000            5.221e-01           5.221e-01             185.853           2.243e-15             359.796           1.000e+02     
 162.000          90.000            5.814e-01           5.814e-01             185.800           2.293e-15             359.611           1.000e+02     
 161.000          90.000            6.430e-01           6.430e-01             185.744           2.344e-15             359.436           1.000e+02     
 160.000          90.000            7.065e-01           7.065e-01             185.684           2.397e-15             359.273           1.000e+02     
 159.000          90.000            7.716e-01           7.716e-01             185.620           2.449e-15             359.121           1.000e+02     
 158.000          90.000            8.381e-01           8.381e-01             185.553           2.502e-15             358.981           1.000e+02     
 157.000          90.000            9.056e-01           9.056e-01             185.482           2.554e-15             358.854           1.000e+02     
 156.000          90.000            9.737e-01           9.737e-01             185.406           2.605e-15             358.741           1.000e+02     
 155.000          90.000            1.042e+00           1.042e+00             185.326           2.655e-15             358.641           1.000e+02     
 154.000          90.000            1.110e+00           1.110e+00             185.241           2.703e-15             358.556           1.000e+02     
 153.000          90.000            1.177e+00           1.177e+00             185.151           2.748e-15             358.485           1.000e+02     
 152.000          90.000            1.243e+00           1.243e+00             185.057           2.790e-15             358.430           1.000e+02     
 151.000          90.000            1.307e+00           1.307e+00             184.956           2.828e-15             358.391           1.000e+02     
 150.000          90.000            1.368e+00           1.368e+00             184.850           2.861e-15             358.367           1.000e+02     
 149.000          90.000            1.427e+00           1.427e+00             184.737           2.889e-15             358.360           1.000e+02     
 148.000          90.000            1.482e+00           1.482e+00             184.618           2.911e-15             358.369           1.000e+02     
 147.000          90.000            1.533e+00           1.533e+00             184.491           2.926e-15             358.396           1.000e+02     
 146.000          90.000            1.578e+00           1.578e+00             184.356           2.935e-15             358.441           1.000e+02     
 145.000          90.000            1.619e+00           1.619e+00             184.213           2.935e-15             358.503           1.000e+02     
 144.000          90.000            1.653e+00           1.653e+00             184.060           2.927e-15             358.584           1.000e+02     
 143.000          90.000            1.681e+00           1.681e+00             183.897           2.911e-15             358.685           1.000e+02     
 142.000          90.000            1.701e+00           1.701e+00             183.722           2.886e-15             358.806           1.000e+02     
 141.000          90.000            1.714e+00           1.714e+00             183.534           2.852e-15             358.948           1.000e+02     
 140.000          90.000            1.719e+00           1.719e+00             183.333           2.808e-15             359.111           1.000e+02     
 139.000          90.000            1.716e+00           1.716e+00             183.115           2.754e-15             359.297           1.000e+02     
 138.000          90.000            1.703e+00           1.703e+00             182.880           2.691e-15             359.506           1.000e+02     
 137.000          90.000            1.682e+00           1.682e+00             182.625           2.619e-15             359.741           1.000e+02     
 136.000          90.000            1.652e+00           1.652e+00             182.348           2.538e-15               0.001           1.000e+02     
 135.000          90.000            1.613e+00           1.613e+00             182.045           2.449e-15               0.290           1.000e+02     
 134.000          90.000            1.565e+00           1.565e+00             181.713           2.351e-15               0.609           1.000e+02     
 133.000          90.000            1.508e+00           1.508e+00             181.348           2.247e-15               0.959           1.000e+02     
 132.000          90.000            1.444e+00           1.444e+00             180.944           2.136e-15               1.344           1.000e+02     
 131.000          90.000            1.371e+00           1.371e+00             180.494           2.020e-15               1.766           1.000e+02     
 130.000          90.000            1.292e+00           1.292e+00             179.992           1.899e-15               2.229           1.000e+02     
 129.000          90.000            1.207e+00           1.207e+00             179.426           1.775e-15               2.735           1.000e+02     
 128.000          90.000            1.117e+00           1.117e+00             178.785           1.649e-15               3.289           1.000e+02     
 127.000          90.000            1.023e+00           1.023e+00             178.054           1.522e-15               3.895           1.000e+02     
 126.000          90.000            9.257e-01           9.257e-01             177.211           1.396e-15               4.560           1.000e+02     
 125.000          90.000            8.272e-01           8.272e-01             176.231           1.270e-15               5.289           1.000e+02     
 124.000          90.000            7.287e-01           7.287e-01             175.078           1.148e-15               6.090           1.000e+02     
 123.000          90.000            6.316e-01           6.316e-01             173.705           1.029e-15               6.970           1.000e+02     
 122.000          90.000            5.374e-01           5.374e-01             172.044           9.146e-16               7.941           1.000e+02     
 121.000          90.000            4.478e-01           4.478e-01             170.001           8.059e-16               9.013           1.000e+02     
 120.000          90.000            3.641e-01           3.641e-01             167.438           7.036e-16              10.200           1.000e+02     
 119.000          90.000            2.880e-01           2.880e-01             164.145           6.084e-16              11.518           1.000e+02     
 118.000          90.000            2.208e-01           2.208e-01             159.801           5.206e-16              12.986           1.000e+02     
 117.000          90.000            1.639e-01           1.639e-01             153.901           4.406e-16              14.628           1.000e+02     
 116.000          90.000            1.184e-01           1.184e-01             145.665           3.686e-16              16.471           1.000e+02     
 115.000          90.000            8.546e-02           8.546e-02             134.023           3.046e-16              18.548           1.000e+02     
 114.000          90.000            6.586e-02           6.586e-02             118.102           2.484e-16              20.900           1.000e+02     
 113.000          90.000            6.025e-02           6.025e-02              98.831           1.999e-16              23.579           1.000e+02     
 112.000          90.000            6.903e-02           6.903e-02              79.902           1.586e-16              26.644           1.000e+02     
 111.000          90.000            9.233e-02           9.233e-02              64.672           1.239e-16              30.171           1.000e+02     
 110.000          90.000            1.300e-01           1.300e-01              53.656           9.538e-17              34.257           1.000e+02     
 109.000          90.000            1.817e-01           1.817e-01              45.877           7.231e-17              39.020           1.000e+02     
 108.000          90.000            2.467e-01           2.467e-01              40.298           5.405e-17              44.604           1.000e+02     
 107.000          90.000            3.241e-01           3.241e-01              36.188           3.992e-17              51.185           1.000e+02     
 106.000          90.000            4.125e-01           4.125e-01              33.078           2.927e-17              58.967           1.000e+02     
 105.000          90.000            5.107e-01           5.107e-01              30.666           2.145e-17              68.163           1.000e+02     
 104.000          90.000            6.167e-01           6.167e-01              28.758           1.591e-17              78.960           1.000e+02     
 103.000          90.000            7.289e-01           7.289e-01              27.224           1.215e-17              91.434           1.000e+02     
 102.000          90.000            8.451e-01           8.451e-01              25.975           9.731e-18             105.454           1.000e+02     
 101.000          90.000            9.632e-01           9.632e-01              24.948           8.336e-18             120.606           1.000e+02     
 100.000          90.000            1.081e+00           1.081e+00              24.098           7.718e-18             136.248           1.000e+02     
  99.000          90.000            1.196e+00           1.196e+00              23.392           7.717e-18             151.693           1.000e+02     
  98.000          90.000            1.306e+00           1.306e+00              22.805           8.257e-18             166.386           1.000e+02     
  97.000          90.000            1.409e+00           1.409e+00              22.320           9.329e-18             179.976           1.000e+02     
  96.000          90.000            1.503e+00           1.503e+00              21.922           1.098e-17             192.272           1.000e+02     
  95.000          90.000            1.586e+00           1.586e+00              21.599           1.330e-17             203.200           1.000e+02     
  94.000          90.000            1.657e+00           1.657e+00              21.346           1.642e-17             212.757           1.000e+02     
  93.000          90.000            1.713e+00           1.713e+00              21.154           2.045e-17             220.998           1.000e+02     
  92.000          90.000            1.754e+00           1.754e+00              21.020           2.551e-17             228.012           1.000e+02     
  91.000          90.000            1.779e+00           1.779e+00              20.940           3.173e-17             233.914           1.000e+02     
  90.000          90.000            1.787e+00           1.787e+00              20.914           3.918e-17             238.819           1.000e+02     
  89.000          90.000            1.779e+00           1.779e+00              20.940           4.798e-17             242.754           1.000e+02     
  88.000          90.000            1.754e+00           1.754e+00              21.020           5.798e-17             246.000           1.000e+02     
  87.000          90.000            1.713e+00           1.713e+00              21.154           6.923e-17             248.555           1.000e+02     
  86.000          90.000            1.657e+00           1.657e+00              21.346           8.166e-17             250.495           1.000e+02     
  85.000          90.000            1.586e+00           1.586e+00              21.599           9.517e-17             251.885           1.000e+02     
  84.000          90.000            1.503e+00           1.503e+00              21.922           1.097e-16             252.778           1.000e+02     
  83.000          90.000            1.409e+00           1.409e+00              22.320           1.250e-16             253.216           1.000e+02     
  82.000          90.000            1.306e+00           1.306e+00              22.805           1.411e-16             253.237           1.000e+02     
  81.000          90.000            1.196e+00           1.196e+00              23.392           1.579e-16             252.870           1.000e+02     
  80.000          90.000            1.081e+00           1.081e+00              24.098           1.753e-16             252.142           1.000e+02     
  79.000          90.000            9.632e-01           9.632e-01              24.948           1.933e-16             251.077           1.000e+02     
  78.000          90.000            8.451e-01           8.451e-01              25.975           2.120e-16             249.699           1.000e+02     
  77.000          90.000            7.289e-01           7.289e-01              27.224           2.315e-16             248.031           1.000e+02     
  76.000          90.000            6.167e-01           6.167e-01              28.758           2.520e-16             246.097           1.000e+02     
  75.000          90.000            5.107e-01           5.107e-01              30.666           2.738e-16             243.925           1.000e+02     
  74.000          90.000            4.125e-01           4.125e-01              33.078           2.972e-16             241.546           1.000e+02     
  73.000          90.000            3.241e-01           3.241e-01              36.188           3.227e-16             238.993           1.000e+02     
  72.000          90.000            2.467e-01           2.467e-01              40.298           3.507e-16             236.302           1.000e+02     
  71.000          90.000            1.817e-01           1.817e-01              45.877           3.818e-16             233.510           1.000e+02     
  70.000          90.000            1.300e-01           1.300e-01              53.656           4.163e-16             230.655           1.000e+02     
  69.000          90.000            9.233e-02           9.233e-02              64.672           4.549e-16             227.775           1.000e+02     
  68.000          90.000            6.903e-02           6.903e-02              79.902           4.980e-16             224.905           1.000e+02     
  67.000          90.000            6.025e-02           6.025e-02              98.831           5.461e-16             222.076           1.000e+02     
  66.000          90.000            6.586e-02           6.586e-02             118.102           5.996e-16             219.316           1.000e+02     
  65.000          90.000            8.546e-02           8.546e-02             134.023           6.588e-16             216.645           1.000e+02     
  64.000          90.000            1.184e-01           1.184e-01             145.665           7.240e-16             214.081           1.000e+02     
  63.000          90.000            1.639e-01           1.639e-01             153.901           7.952e-16             211.635           1.000e+02     
  62.000          90.000            2.208e-01           2.208e-01             159.801           8.724e-16             209.316           1.000e+02     
  61.000          90.000            2.880e-01           2.880e-01             164.145           9.555e-16             207.126           1.000e+02     
  60.000          90.000            3.641e-01           3.641e-01             167.438           1.044e-15             205.066           1.000e+02     
  59.000          90.000            4.478e-01           4.478e-01             170.001           1.138e-15             203.134           1.000e+02     
  58.000          90.000            5.374e-01           5.374e-01             172.044           1.236e-15             201.327           1.000e+02     
  57.000          90.000            6.316e-01           6.316e-01             173.705           1.339e-15             199.639           1.000e+02     
  56.000          90.000            7.287e-01           7.287e-01             175.078           1.445e-15             198.064           1.000e+02     
  55.000          90.000            8.272e-01           8.272e-01             176.231           1.553e-15             196.596           1.000e+02     
  54.000          90.000            9.257e-01           9.257e-01             177.211           1.662e-15             195.229           1.000e+02     
  53.000          90.000            1.023e+00           1.023e+00             178.054           1.772e-15             193.955           1.000e+02     
  52.000          90.000            1.117e+00           1.117e+00             178.785           1.882e-15             192.769           1.000e+02     
  51.000          90.000            1.207e+00           1.207e+00             179.426           1.990e-15             191.665           1.000e+02     
  50.000          90.000            1.292e+00           1.292e+00             179.992           2.095e-15             190.637           1.000e+02     
  49.000          90.000            1.371e+00           1.371e+00             180.494           2.197e-15             189.680           1.000e+02     
  48.000          90.000            1.444e+00           1.444e+00             180.944           2.294e-15             188.788           1.000e+02     
  47.000          90.000            1.508e+00           1.508e+00             181.348           2.387e-15             187.957           1.000e+02     
  46.000          90.000            1.565e+00           1.565e+00             181.713           2.473e-15             187.183           1.000e+02     
  45.000          90.000            1.613e+00           1.613e+00             182.045           2.552e-15             186.462           1.000e+02     
  44.000          90.000            1.652e+00           1.652e+00             182.348           2.625e-15             185.791           1.000e+02     
  43.000          90.000            1.682e+00           1.682e+00             182.625           2.689e-15             185.166           1.000e+02     
  42.000          90.000            1.703e+00           1.703e+00             182.880           2.745e-15             184.584           1.000e+02     
  41.000          90.000            1.716e+00           1.716e+00             183.115           2.793e-15             184.044           1.000e+02     
  40.000          90.000            1.719e+00           1.719e+00             183.333           2.833e-15             183.542           1.000e+02     
  39.000          90.000            1.714e+00           1.714e+00             183.534           2.864e-15             183.076           1.000e+02     
  38.000          90.000            1.701e+00           1.701e+00             183.722           2.886e-15             182.645           1.000e+02     
  37.000          90.000            1.681e+00           1.681e+00             183.897           2.900e-15             182.247           1.000e+02     
  36.000          90.000            1.653e+00           1.653e+00             184.060           2.906e-15             181.880           1.000e+02     
  35.000          90.000            1.619e+00           1.619e+00             184.213           2.905e-15             181.543           1.000e+02     
  34.000          90.000            1.578e+00           1.578e+00             184.356           2.897e-15             181.235           1.000e+02     
  33.000          90.000            1.533e+00           1.533e+00             184.491           2.881e-15             180.955           1.000e+02     
  32.000          90.000            1.482e+00           1.482e+00             184.618           2.860e-15             180.701           1.000e+02     
  31.000          90.000            1.427e+00           1.427e+00             184.737           2.833e-15             180.473           1.000e+02     
  30.000          90.000            1.368e+00           1.368e+00             184.850           2.800e-15             180.269           1.000e+02     
  29.000          90.000            1.307e+00           1.307e+00             184.956           2.764e-15             180.090           1.000e+02     
  28.000          90.000            1.243e+00           1.243e+00             185.057           2.723e-15             179.933           1.000e+02     
  27.000          90.000            1.177e+00           1.177e+00             185.151           2.679e-15             179.800           1.000e+02     
  26.000          90.000            1.110e+00           1.110e+00             185.241           2.632e-15             179.688           1.000e+02     
  25.000          90.000            1.042e+00           1.042e+00             185.326           2.583e-15             179.597           1.000e+02     
  24.000          90.000            9.737e-01           9.737e-01             185.406           2.532e-15             179.527           1.000e+02     
  23.000          90.000            9.056e-01           9.056e-01             185.482           2.481e-15             179.477           1.000e+02     
  22.000          90.000            8.381e-01           8.381e-01             185.553           2.428e-15             179.446           1.000e+02     
  21.000          90.000            7.716e-01           7.716e-01             185.620           2.376e-15             179.434           1.000e+02     
  20.000          90.000            7.065e-01           7.065e-01             185.684           2.324e-15             179.439           1.000e+02     
  19.000          90.000            6.430e-01           6.430e-01             185.744           2.272e-15             179.461           1.000e+02     
  18.000          90.000            5.814e-01           5.814e-01             185.800           2.222e-15             179.499           1.000e+02     
  17.000          90.000            5.221e-01           5.221e-01             185.853           2.173e-15             179.552           1.000e+02     
  16.000          90.000            4.653e-01           4.653e-01             185.902           2.125e-15             179.620           1.000e+02     
  15.000          90.000            4.112e-01           4.112e-01             185.949           2.080e-15             179.700           1.000e+02     
  14.000          90.000            3.599e-01           3.599e-01             185.991           2.036e-15             179.792           1.000e+02     
  13.000          90.000            3.116e-01           3.116e-01             186.031           1.995e-15             179.896           1.000e+02     
  12.000          90.000            2.665e-01           2.665e-01             186.068           1.957e-15             180.008           1.000e+02     
  11.000          90.000            2.246e-01           2.246e-01             186.101           1.921e-15             180.129           1.000e+02     
  10.000          90.000            1.862e-01           1.862e-01             186.132           1.888e-15             180.257           1.000e+02     
   9.000          90.000            1.512e-01           1.512e-01             186.159           1.857e-15             180.390           1.000e+02     
   8.000          90.000            1.197e-01           1.197e-01             186.184           1.830e-15             180.527           1.000e+02     
   7.000          90.000            9.179e-02           9.179e-02             186.205           1.806e-15             180.668           1.000e+02     
   6.000          90.000            6.754e-02           6.754e-02             186.224           1.785e-15             180.809           1.000e+02     
   5.000          90.000            4.696e-02           4.696e-02             186.240           1.767e-15             180.950           1.000e+02     
   4.000          90.000            3.008e-02           3.008e-02             186.253           1.752e-15             181.090           1.000e+02     
   3.000          90.000            1.693e-02           1.693e-02             186.263           1.740e-15             181.227           1.000e+02     
   2.000          90.000            7.529e-03           7.529e-03             186.270           1.731e-15             181.360           1.000e+02     
   1.000          90.000            1.883e-03           1.883e-03             186.274           1.726e-15             181.488           1.000e+02     
